32
Avaga.UJR31415.1_hypothetical_protein_I4U23_018908 0.0000000 2.8972000 2.8133991 2.0663992 2.4568217 2.6114331 2.3408820 2.8850022 2.2743728 2.2614034 2.6694979 2.3554989 2.6850693 6.8807043 2.0016844 2.2622554 2.1036876 2.8926507 3.8072268 3.6905247 3.5977372 3.7487939 4.0510532 3.7950980 3.4847554 3.4644726 3.7245138 3.5032646 3.0810199 3.6134165 4.2768034 3.3565035 
Egranulosus.XP_024353854.1_Calciumbinding_mitochon 2.8972000 0.0000000 2.8003891 2.1710674 2.6104070 2.5557539 2.2566286 2.6288905 2.3307260 2.2912559 2.1280762 2.2240398 2.3193578 2.2478102 2.1961529 2.0833339 2.2656474 3.2033732 3.6349907 3.4679550 3.6458253 3.7607315 3.8337686 3.5146070 3.1088305 3.4209978 3.7100269 3.3077181 3.0180549 3.3529221 4.5361542 3.3268260 
Egranulosus.XP_024348887.1_Calciumbinding_mitochon 2.8133991 2.8003891 0.0000000 2.1754112 1.9513207 2.1735636 1.9299897 2.7310782 1.9810137 1.8644467 1.7992764 1.9564135 1.8737992 1.8402160 1.8153028 1.8008281 1.9838363 3.7815856 3.6235124 3.0987731 3.4214990 3.6810985 4.0925301 3.3118466 3.2837850 3.1847395 3.9185046 3.0867719 2.5712683 3.0804066 4.5961264 3.3538480 
Avaga.UJR13457.1_hypothetical_protein_I4U23_000471 2.0663992 2.1710674 2.1754112 0.0000000 1.9161113 2.0851990 1.9081213 2.0522788 1.7727009 1.6278580 1.6924329 1.6216240 1.5199648 1.6544412 1.7172902 1.5391381 1.5606303 2.7437615 3.5058371 2.7369018 3.4040256 2.5928549 2.8964643 3.0751825 3.1042265 2.9835356 3.0229447 2.8953622 2.8273795 2.9758596 3.1112697 2.5459269 
Avaga.UJR23030.1_hypothetical_protein_I4U23_026056 2.4568217 2.6104070 1.9513207 1.9161113 0.0000000 0.4151264 1.5731028 2.4091844 1.7077994 1.6570795 1.6401962 1.5788569 1.4962861 1.6613246 1.4375759 1.5388173 1.6168946 2.9942874 2.8945114 2.5562884 3.3855693 3.3665237 3.9433024 3.0880313 3.0836224 3.1023453 3.5470577 2.7095355 2.5763361 2.8030797 3.1275494 2.8496754 
Avaga.UJR25868.1_hypothetical_protein_I4U23_007218 2.6114331 2.5557539 2.1735636 2.0851990 0.4151264 0.0000000 1.6964183 2.2284004 1.9508023 1.7647196 1.7174348 1.6524640 1.5837834 1.7788015 1.5960556 1.6161009 1.6264036 3.0885868 2.8393004 2.8756867 3.2637756 3.7397016 4.1352693 3.3973830 3.0086028 3.1790395 3.7199000 2.6059323 2.5075460 2.8121908 3.1079592 3.2321553 
Egranulosus.XP_024349898.1_Calciumbinding_mitochon 2.3408820 2.2566286 1.9299897 1.9081213 1.5731028 1.6964183 0.0000000 1.7931431 1.4041316 1.1862212 1.2126484 1.2753390 1.2255846 1.3414884 1.1233378 1.1596963 1.1804985 2.4551124 2.7072026 2.9650342 2.7574925 3.0331736 2.9458360 2.7428041 2.2859677 2.6669999 3.3225213 2.9077266 2.5429878 2.6043480 3.0940533 2.8189184 
Hsapiens.NP_775908.2_mitochondrial_carrier_protein 2.8850022 2.6288905 2.7310782 2.0522788 2.4091844 2.2284004 1.7931431 0.0000000 1.9196976 1.4468397 1.3861919 1.1523595 1.6546319 1.6578371 1.6182098 1.6392536 1.6287965 2.6690950 2.7406324 3.1248233 2.7098010 3.7884424 3.5962189 3.3166533 3.0159619 2.9220196 2.7464371 3.0656498 2.7277507 2.7417377 2.9842242 2.7881055 
Lanatina.XP_013394192.1_calciumbinding_mitochondri 2.2743728 2.3307260 1.9810137 1.7727009 1.7077994 1.9508023 1.4041316 1.9196976 0.0000000 1.1435490 1.1101594 1.1151383 1.0297616 1.0640700 0.8277151 1.0037394 0.9748639 2.4558796 2.7452027 2.5766870 3.1067062 2.8911076 3.2881952 2.8784749 2.6441457 2.2385535 2.8414904 2.7043890 2.4535896 2.3097502 2.9499240 2.6014951 
Hsapiens.NP_037518.3_calcium-binding_mitochondrial 2.2614034 2.2912559 1.8644467 1.6278580 1.6570795 1.7647196 1.1862212 1.4468397 1.1435490 0.0000000 0.7216088 0.6746582 1.0744191 0.9311575 0.9770416 0.8704173 0.8369455 2.3534985 2.4805964 2.4958576 3.0015180 2.7808689 3.0153271 2.3887897 2.3787646 2.2289292 2.5290064 2.4339366 2.1180384 2.4319322 2.6665491 2.3019545 
Hsapiens.NP_001317917.1_calcium-binding_mitochondr 2.6694979 2.1280762 1.7992764 1.6924329 1.6401962 1.7174348 1.2126484 1.3861919 1.1101594 0.7216088 0.0000000 0.5523134 1.1197320 0.9693114 0.7999642 0.9018986 0.8501738 2.3195310 2.6233154 2.7607635 2.8971239 3.1046867 3.3034396 2.4600659 2.3613962 2.5296988 2.6570616 2.6428731 2.1233014 2.3729133 2.7678365 2.3109601 
Hsapiens.NP_077008.2_calcium-binding_mitochondrial 2.3554989 2.2240398 1.9564135 1.6216240 1.5788569 1.6524640 1.2753390 1.1523595 1.1151383 0.6746582 0.5523134 0.0000000 1.0025523 0.8968450 0.8704571 0.8261343 0.8656660 2.1834836 2.4886656 2.6013412 2.6642576 2.7529895 2.9926235 2.4515222 2.3291974 2.4907690 2.4324690 2.5086341 2.2555783 2.2611929 2.7206489 2.3172382 
Dmelanogaster.SCaMC_short_Calciumbinding_mitochond 2.6850693 2.3193578 1.8737992 1.5199648 1.4962861 1.5837834 1.2255846 1.6546319 1.0297616 1.0744191 1.1197320 1.0025523 0.0000000 1.4206552 0.7635210 0.9048596 0.8291894 2.4728605 2.3851159 2.6710219 2.6387705 3.0512052 2.8541154 2.6653462 2.5064388 2.4649488 3.0199571 2.5005331 2.2740986 2.4053282 2.9877272 2.5729965 
Cintestinalis.LOC100186688_uncharacterized_protein 6.8807043 2.2478102 1.8402160 1.6544412 1.6613246 1.7788015 1.3414884 1.6578371 1.0640700 0.9311575 0.9693114 0.8968450 1.4206552 0.0000000 0.8468161 0.7875755 0.7743814 2.3371634 2.7536394 2.6871207 2.6771507 2.9949974 3.2380386 2.6288728 2.5564346 2.6938934 2.6889099 2.3891499 2.1811301 2.5229264 2.8309421 2.5659370 
Myessoensis.XP_021372793.1_calciumbinding_mitochon 2.0016844 2.1961529 1.8153028 1.7172902 1.4375759 1.5960556 1.1233378 1.6182098 0.8277151 0.9770416 0.7999642 0.8704571 0.7635210 0.8468161 0.0000000 0.7634619 0.7208516 2.3970191 2.6206489 2.8511130 2.7560868 3.0468838 3.0515712 2.5585422 2.6889349 2.6762685 2.8488211 2.5436240 2.1687731 2.4358805 2.8560236 2.6377308 
Aplanci.LOC110976327_calciumbinding_mitochondrial_ 2.2622554 2.0833339 1.8008281 1.5391381 1.5388173 1.6161009 1.1596963 1.6392536 1.0037394 0.8704173 0.9018986 0.8261343 0.9048596 0.7875755 0.7634619 0.0000000 0.8028187 2.1320834 2.2329159 2.4463492 2.4079466 2.6770786 3.0927113 2.4806194 2.5571146 2.4787299 2.7711167 2.4636420 2.2554324 2.4663112 2.8529403 2.4407814 
Bbelcheri.LOC109482499_calciumbinding_mitochondria 2.1036876 2.2656474 1.9838363 1.5606303 1.6168946 1.6264036 1.1804985 1.6287965 0.9748639 0.8369455 0.8501738 0.8656660 0.8291894 0.7743814 0.7208516 0.8028187 0.0000000 2.2445548 2.7077266 2.7651275 2.7116739 2.8222143 3.1305972 2.4878626 2.5430172 2.4804350 2.7448125 2.6094158 2.2969721 2.6008468 2.8365667 2.4446149 
Bbelcheri.LOC109467967_solute_carrier_family_25_me 2.8926507 3.2033732 3.7815856 2.7437615 2.9942874 3.0885868 2.4551124 2.6690950 2.4558796 2.3534985 2.3195310 2.1834836 2.4728605 2.3371634 2.3970191 2.1320834 2.2445548 0.0000000 3.3941588 2.7252760 2.4890613 2.8833741 2.8835609 2.7542841 2.7246257 2.7937333 2.4658276 2.6887004 2.5414092 2.7499454 2.6486837 2.1422595 
Egranulosus.XP_024353850.1_Solute_carrier_family_2 3.8072268 3.6349907 3.6235124 3.5058371 2.8945114 2.8393004 2.7072026 2.7406324 2.7452027 2.4805964 2.6233154 2.4886656 2.3851159 2.7536394 2.6206489 2.2329159 2.7077266 3.3941588 0.0000000 1.5636085 1.5037712 1.5081879 1.5085860 1.2896810 1.3207423 1.4010923 2.3031174 2.2180169 2.1398266 2.1727570 2.3165793 2.0778482 
Avaga.UJR35750.1_hypothetical_protein_I4U23_028499 3.6905247 3.4679550 3.0987731 2.7369018 2.5562884 2.8756867 2.9650342 3.1248233 2.5766870 2.4958576 2.7607635 2.6013412 2.6710219 2.6871207 2.8511130 2.4463492 2.7651275 2.7252760 1.5636085 0.0000000 1.2898864 1.3791012 1.2695857 1.2794574 1.2815047 1.2614970 2.7071901 2.4290767 2.5843029 2.3607475 2.3392541 2.0422462 
Dmelanogaster.DPCoAC_dephosphocoenzyme_A_carrier_i 3.5977372 3.6458253 3.4214990 3.4040256 3.3855693 3.2637756 2.7574925 2.7098010 3.1067062 3.0015180 2.8971239 2.6642576 2.6387705 2.6771507 2.7560868 2.4079466 2.7116739 2.4890613 1.5037712 1.2898864 0.0000000 1.4881154 1.3081138 1.1930884 1.1829219 1.3023951 2.3129544 2.0066200 2.3781560 2.0115712 1.9832664 2.0067159 
Aplanci.LOC110984196_mitochondrial_coenzyme_A_tran 3.7487939 3.7607315 3.6810985 2.5928549 3.3665237 3.7397016 3.0331736 3.7884424 2.8911076 2.7808689 3.1046867 2.7529895 3.0512052 2.9949974 3.0468838 2.6770786 2.8222143 2.8833741 1.5081879 1.3791012 1.4881154 0.0000000 1.4679312 1.2824639 1.0556517 1.0637524 2.5383836 2.1729182 2.4033006 2.2243664 2.4284137 1.9597742 
Myessoensis.XP_021355166.1_mitochondrial_coenzyme_ 4.0510532 3.8337686 4.0925301 2.8964643 3.9433024 4.1352693 2.9458360 3.5962189 3.2881952 3.0153271 3.3034396 2.9926235 2.8541154 3.2380386 3.0515712 3.0927113 3.1305972 2.8835609 1.5085860 1.2695857 1.3081138 1.4679312 0.0000000 1.0133359 0.9361456 1.0278623 2.4339248 2.2994828 2.2468514 2.1466792 2.3779298 2.2470697 
Lanatina.XP_013386564.1_mitochondrial_coenzyme_A_t 3.7950980 3.5146070 3.3118466 3.0751825 3.0880313 3.3973830 2.7428041 3.3166533 2.8784749 2.3887897 2.4600659 2.4515222 2.6653462 2.6288728 2.5585422 2.4806194 2.4878626 2.7542841 1.2896810 1.2794574 1.1930884 1.2824639 1.0133359 0.0000000 0.9915210 0.8626801 2.3140283 1.9984495 2.2290212 2.1237779 2.2658745 2.0104929 
Hsapiens.NP_848621.2_mitochondrial_coenzyme_A_tran 3.4847554 3.1088305 3.2837850 3.1042265 3.0836224 3.0086028 2.2859677 3.0159619 2.6441457 2.3787646 2.3613962 2.3291974 2.5064388 2.5564346 2.6889349 2.5571146 2.5430172 2.7246257 1.3207423 1.2815047 1.1829219 1.0556517 0.9361456 0.9915210 0.0000000 0.7987132 2.3883545 2.1383773 2.0765121 2.0087258 2.0266912 1.9219106 
Bbelcheri.LOC109468737_mitochondrial_coenzyme_A_tr 3.4644726 3.4209978 3.1847395 2.9835356 3.1023453 3.1790395 2.6669999 2.9220196 2.2385535 2.2289292 2.5296988 2.4907690 2.4649488 2.6938934 2.6762685 2.4787299 2.4804350 2.7937333 1.4010923 1.2614970 1.3023951 1.0637524 1.0278623 0.8626801 0.7987132 0.0000000 2.2935611 1.9711076 2.1549785 1.9724036 2.1861881 1.9224292 
Aplanci.LOC110973531_graves_disease_carrier_protei 3.7245138 3.7100269 3.9185046 3.0229447 3.5470577 3.7199000 3.3225213 2.7464371 2.8414904 2.5290064 2.6570616 2.4324690 3.0199571 2.6889099 2.8488211 2.7711167 2.7448125 2.4658276 2.3031174 2.7071901 2.3129544 2.5383836 2.4339248 2.3140283 2.3883545 2.2935611 0.0000000 1.5268496 1.4613567 1.2352360 1.3879760 1.2285144 
Cintestinalis.LOC100180500_graves_disease_carrier_ 3.5032646 3.3077181 3.0867719 2.8953622 2.7095355 2.6059323 2.9077266 3.0656498 2.7043890 2.4339366 2.6428731 2.5086341 2.5005331 2.3891499 2.5436240 2.4636420 2.6094158 2.6887004 2.2180169 2.4290767 2.0066200 2.1729182 2.2994828 1.9984495 2.1383773 1.9711076 1.5268496 0.0000000 1.1746202 1.2559775 1.1873971 1.0775809 
Lanatina.XP_013414919.1_graves_disease_carrier_pro 3.0810199 3.0180549 2.5712683 2.8273795 2.5763361 2.5075460 2.5429878 2.7277507 2.4535896 2.1180384 2.1233014 2.2555783 2.2740986 2.1811301 2.1687731 2.2554324 2.2969721 2.5414092 2.1398266 2.5843029 2.3781560 2.4033006 2.2468514 2.2290212 2.0765121 2.1549785 1.4613567 1.1746202 0.0000000 0.9669269 1.2653641 1.1982493 
Myessoensis.XP_021350602.1_graves_disease_carrier_ 3.6134165 3.3529221 3.0804066 2.9758596 2.8030797 2.8121908 2.6043480 2.7417377 2.3097502 2.4319322 2.3729133 2.2611929 2.4053282 2.5229264 2.4358805 2.4663112 2.6008468 2.7499454 2.1727570 2.3607475 2.0115712 2.2243664 2.1466792 2.1237779 2.0087258 1.9724036 1.2352360 1.2559775 0.9669269 0.0000000 1.1751820 1.1073047 
Bbelcheri.LOC109481428_graves_disease_carrier_prot 4.2768034 4.5361542 4.5961264 3.1112697 3.1275494 3.1079592 3.0940533 2.9842242 2.9499240 2.6665491 2.7678365 2.7206489 2.9877272 2.8309421 2.8560236 2.8529403 2.8365667 2.6486837 2.3165793 2.3392541 1.9832664 2.4284137 2.3779298 2.2658745 2.0266912 2.1861881 1.3879760 1.1873971 1.2653641 1.1751820 0.0000000 1.0951532 
Hsapiens.NP_689920.1_graves_disease_carrier_protei 3.3565035 3.3268260 3.3538480 2.5459269 2.8496754 3.2321553 2.8189184 2.7881055 2.6014951 2.3019545 2.3109601 2.3172382 2.5729965 2.5659370 2.6377308 2.4407814 2.4446149 2.1422595 2.0778482 2.0422462 2.0067159 1.9597742 2.2470697 2.0104929 1.9219106 1.9224292 1.2285144 1.0775809 1.1982493 1.1073047 1.0951532 0.0000000 
